 WARNING:

AD_TERM SHORTAGES and/or RELAXATIONS larger than 0.01 OCCUR!

YYYY	MM	Kswck	RedBlf	Wilkns	SacFea	SacAme	YoloBP	Therm	YubFea	Nimbus	Hst	ANN_RL	MRDO_RL	PosSum	NegSum	
1933	11	0.0	0.0	0.0	0.0	0.0	0.0	0.0	0.0	8.2	22.19	0.0	0.0	30.4	0.0	
1935	2	3.25	0.0	209.65	0.0	0.0	0.0	0.0	552.27	40.27	50.21	3676.34	3510.52	8042.5	0.0	
1961	10	0.0	0.0	0.0	0.0	0.0	0.0	0.0	0.0	7.31	0.0	0.0	0.0	7.31	0.0	
1961	11	0.0	0.0	0.0	0.0	0.0	0.0	0.0	0.0	7.94	51.36	0.0	0.0	59.3	0.0	
1961	12	0.0	0.0	0.0	0.0	0.0	0.0	0.0	0.0	7.05	51.39	0.0	0.0	58.45	0.0	
1977	11	0.0	0.0	0.0	0.0	0.0	0.0	0.0	0.0	5.7	45.81	0.0	0.0	51.51	0.0	
1977	12	0.0	0.0	0.0	0.0	0.0	0.0	0.0	0.0	0.0	45.84	0.0	0.0	45.84	0.0	
